0.5765636590468467
-20.230836565494492
0.18813667645102644
-0.033928882979874175
-59.10110064278982
1.3634877865356105
-60.31253926618955
0.0
0.0
0.0
0.0
0.0
-5.329776981182208
-6.575387338573337
0.0
0.0
0.0
0.0
0.0
0.0
-0.05814388956899513
-0.05493951505341499
-0.0999328470234882
-0.05814432282286247
-0.057321721698363526
0.0
0.0
0.0
0.0
0.0
0.0
0.0
0.0
0.0
0.0
0.0
0.0
0.0
0.0
0.0
0.0
0.0
0.0
0.0
0.0
2.011352670254557
1.1734284441542175
1.6831800843695113
0.0
0.0
0.0
0.0
0.0
164896.37343691848
0.0
-7.930687752810899
0.0
0.0
-13.186660337639662
0.0
0.0
0.0
0.0
0.0
0.0
0.0
0.0
-0.3450524116516718
0.8214988066998922
-7.27863053405378
0.036857096556959956
0.4698083356320667
0.27868947378287057
0.0
0.0
-29.79588493178555
0.8867747972093829
0.02623807658711061
0.0
0.0
0.0
0.0
0.0
0.0
0.0
