0.0
0.0
0.0
-5.775642224117182
-1.4935567572200639
99.34962424402565
-2.665265002101976
0.0
0.0
0.0
5038.973587913732
0.0
26.808073429923734
0.0
0.0
0.0
0.0
0.0
0.0
0.0
0.0
-0.30584549792467697
-1109.8193106597328
-20516.366608849483
0.0
57.49206046161992
133.60673327753082
64.27724860426706
11.844783707750064
0.6417931433467473
0.0
15.800434281351528
0.0
0.0
0.0
0.0
0.0
0.0
0.0
0.0
0.0
0.698448986653477
0.0
0.0
0.0
-2.4081031689523544
-0.4260977616205517
-7.730420266056998
0.0
0.0
0.0
0.0
0.0
54967.679581251934
55740.01309604911
-1.0363222361182254
0.0
0.0
-1.9023204066225514
0.0
0.0
0.0
0.0
0.0
0.0
0.0
0.0
-0.2547888521361672
14.899340846697678
0.06769935315440809
-0.027317803754046438
13.305596205996146
-0.07889193983434256
0.0
0.0
66.8931511069955
0.0
-0.5301090075879097
-3.284282986299235
0.0
0.0
0.0
0.0
-3.9561099984131007
0.7421300077601551
